-4.873384331214854481e-01,-1.066854513077466704e+00,2.222794259008861739e-01,4.412672016083091231e-01,4.030024025684277866e-01,4.896131385298871930e-01,5.227498413912671227e-01,8.581092921881308677e-02,6.618140124221018050e-01,1.148360856192655932e+00,9.832313838208356360e-01,6.695780945304580234e-01,2.332482278979675638e-01,-1.638199960448869952e+00,1.846762403553483090e+00,3.055718822113471234e-01,-8.272307100989427786e-01,1.235669431966953530e-01,4.464950896727569174e-01,4.115463727048583875e-01,-1.028958142329404666e+02
2.854438530080294356e+00,-5.438249420232661446e-01,2.029258755542180936e-01,1.034409960591535088e-01,-2.083227484558594966e+00,-1.346760983807685275e+00,-9.273369552109013148e-01,1.224436429835596973e-01,-1.282221430488851066e+00,1.248384379083849138e+00,-1.790580692944331032e-01,1.233774529491199035e+00,-3.993984071627191268e-01,6.608032416221049088e-01,1.404309285201396529e+00,6.397636551071731459e-01,-1.300176910326060531e+00,4.743770978980755837e-01,-7.526674258191602407e-01,3.112880596795530863e-01,1.740215181434784881e+02
1.686615959374162754e+00,-1.543891406850781634e+00,1.151361647294122520e-01,9.478074103029846542e-01,1.425210466776888119e+00,-4.337270757136693078e-01,3.530727818525983164e+00,-3.267668924774726147e+00,1.500011080269329500e-01,8.795306833297571458e-01,3.877922978749843153e-01,-6.029258375397276160e-01,1.525413314338507798e+00,-1.258139001263324508e-01,-4.281480976686515838e-01,-1.548344743153043268e+00,-3.825019885806660858e-01,-7.761550504097382008e-01,-6.144623436320517662e-01,-1.355325826359047969e+00,4.586039990016632117e+01
1.193839814344938244e+00,-6.688807510978991289e-01,-1.614196021900051514e+00,-1.328216033083971626e+00,7.351228298552059393e-01,-2.459433648646825454e-01,-2.028900780532355008e-01,7.388153918468275405e-01,-1.652899504438464895e+00,-7.116205152185058891e-01,-2.586149009666726672e-01,-6.584250734445684650e-01,6.997043337329030832e-01,8.779660399673238080e-01,5.873963885455831813e-01,-4.617987494068416798e-01,1.282075361733219010e+00,-7.679308041945575036e-01,-8.421049388627233068e-02,6.902352706025095819e-02,-3.558050894485981530e+01
1.540458589226046393e-01,1.219147322749100759e+00,8.454224799839031579e-02,-3.967495588405502843e-02,1.728967328011389082e+00,-2.540005136953468190e-01,4.448630570545974439e-01,2.026244400157257708e+00,7.840971865225281334e-01,4.413444699656277059e-01,2.993413305371024347e-01,-7.662728195734656023e-01,1.124404986237909965e+00,-6.616975128727075051e-01,-1.216772607539634704e-01,1.464710693004503128e-01,3.932328698208295004e-01,5.847682923127941468e-01,-1.339402756624640700e+00,2.353264006365051175e-01,9.475272101404388536e+01
1.088027430923103722e+00,-6.334845112224687380e-01,1.452333222494361031e+00,-5.521559820199782864e-01,-5.855914567828383877e-02,7.842142393827821190e-01,-3.966535585110875783e-01,2.679631206148229694e-01,2.718464365515950387e+00,1.609100996442647480e+00,2.576622094569845922e-01,6.351647620263998206e-01,-4.041610872942960064e-01,-6.140392306103478193e-01,-1.106166734006846175e+00,-8.127920596896973660e-01,-2.229538031802130726e-01,-9.418709119210427749e-01,7.978038557857890511e-01,3.528259944018614092e-01,5.736911649835887772e+01
3.140123403575721395e-01,-1.161189106712450236e+00,2.822291872044349059e-01,-3.154162844847890890e-01,9.670549300044061214e-01,-8.000224901142108935e-01,-9.895916260636399286e-01,-2.665812106353771860e+00,5.989361968018478422e-01,-7.102286261778285592e-01,1.353171564422639639e+00,1.727099350541256628e+00,2.337859223718030399e-01,2.596242329600036147e-02,1.962629714247816903e-01,-2.116161415990892511e-02,-2.185658878960014206e+00,-2.198942468681944207e-02,-4.642778256965259809e-01,-4.479140957346074425e-01,-6.703373992894438516e+01
-3.308702079165831145e-01,-4.915754975305386409e-02,4.370978059909237379e-01,1.336754620913757963e+00,1.990655849521517917e-01,-1.043057143053643276e+00,-1.351571327264849964e+00,1.145952900165277955e+00,-7.341562775087048243e-01,4.822947115493799175e-01,1.828865060333993708e-01,-6.819400930617998124e-01,7.950561980063861056e-02,1.548700877877250415e+00,-1.272572252627162115e+00,3.216704389133560604e-01,-2.529832785177243970e-02,4.752686883819383090e-01,-1.836063356133151414e+00,-1.168990974233909075e+00,-4.518269515049935592e+01
3.195652583232733157e-01,-1.388581366418047525e+00,3.628980001829544833e-01,6.084252517353204714e-01,2.518301839127603081e+00,-5.631418552962589308e-01,-1.468672123135969176e+00,3.196859224305086400e-01,8.821161749677967068e-01,4.875197195940371708e-01,-1.127030758107423258e+00,-4.756645959286143199e-01,5.597610805971013903e-01,-9.045973027348737094e-01,-7.148166628389504007e-01,-8.269348621158826296e-01,1.601429414644748528e+00,3.022301134703101466e-01,1.521514113173178806e-01,1.320315253119621390e+00,-6.706883963423095452e+00
3.713132763269245129e-01,5.813830292400608002e-01,1.924303362466279532e+00,-5.034465141938703203e-01,1.445775357941502692e+00,8.530414162538659806e-01,-2.571502822338981864e-01,8.856421943355168303e-01,-9.403776545445610147e-01,2.109978545233962277e-01,-5.380800396417623199e-01,1.440517339866533020e-01,3.797220612763922976e-01,1.743810613474157667e-01,4.251628736527763852e-01,-1.465054293657968909e+00,-4.387791221922985457e-03,-5.819983718709430542e-01,-8.504063677748147088e-01,2.530367542451262761e-02,1.326614028886912422e+02
-1.388357467183213290e-01,1.564862908728889904e-02,6.594399271157632691e-01,-1.025675309438062871e-01,1.027965876205532370e+00,2.027881435602137128e-01,1.205138072975717511e+00,7.368687720402932184e-01,8.146305326457897733e-01,-1.834798420340945313e+00,9.125600398731075202e-01,3.650070212915194623e-01,-1.263957240073876331e-01,-3.960258452456648648e-01,-8.884316849613126121e-02,-9.345461457121251314e-02,1.362442539154141263e+00,1.211627264448637220e+00,1.752096097072791459e+00,-5.975519129253810124e-01,5.681723241379435052e+01
-1.289372466217161950e+00,9.160727978554194725e-03,1.908386162220483628e+00,-1.746663227016775066e-01,3.982092112424786418e-02,8.623245353491572340e-02,-3.745958536725841337e-01,2.092274732083199584e+00,1.394167875152963809e+00,-2.439727497641691389e+00,3.785013094843365788e-01,7.967644825997182156e-01,8.249586894900038381e-01,-7.302913947487393864e-01,4.678709595975423796e-01,-7.696932522702712998e-01,-1.854301586494108367e+00,-1.310526002189559280e-01,5.360678504803223499e-01,-7.730308305381621281e-01,-3.477191460948159119e+01
1.141153033108535109e+00,8.016086838312413976e-01,1.144231735721988885e+00,-3.748791497602851353e-01,-7.545696341196407309e-01,-6.416279739953442141e-01,2.372117802336076026e-02,-3.218220581829787097e+00,-5.032416538875308376e-01,1.607551033249448480e+00,1.614833667461042621e+00,5.266054627435938773e-01,-3.122314218890834825e-01,2.041191833411562850e+00,-1.345493509195452742e+00,5.654085549285138290e-01,7.317680596908345825e-01,2.202654421516947458e+00,6.042025014897132174e-01,1.239088335709840560e+00,1.438587622205070033e+02
-7.359872872304943359e-01,-7.281611969806046913e-02,-1.025020564047477212e+00,-5.595822647898771596e-01,2.039096648196565276e-01,1.113849612279700363e-01,1.486581872024946183e+00,2.132509150495636607e+00,-2.385166529514976208e+00,6.034761275479175735e-01,-2.653891939354390272e-01,-1.526941097419069193e-01,2.438496599780036078e+00,6.461047303366203309e-02,1.656248008225857105e-01,-7.243989881192365310e-01,-1.663622198966500654e-01,1.342015501851945292e+00,7.929773742750475529e-01,6.818389878072882437e-01,-1.020104622141007269e+02
-1.356970788990207399e+00,-1.698402095251791422e-01,-3.041959824756114705e-01,1.937586327339924364e-01,2.420915067937199627e-01,-1.131220319993181622e+00,-1.373890527631303593e+00,5.952221482253358120e-01,-5.631333147515695803e-01,1.165705316437988914e+00,-7.143069765327504372e-01,-1.140341800052994126e+00,-9.071034992255457841e-01,9.049656432807630102e-01,1.016563294951870811e+00,-9.647600271850645948e-01,-7.436402665433126113e-01,-1.951623654919580453e+00,5.669690945255372316e-01,-3.489099300574158291e-01,-1.465704942039979244e+02
-1.369506569551170339e+00,1.340669994975637547e+00,1.469638148831151847e+00,1.779890244727431181e-01,-1.247583584463719086e+00,4.501555086103001257e-02,-3.053146994997629204e-01,4.403415786875259363e-01,3.779379815338969606e-01,1.601539137191592577e+00,-1.352993030485390324e+00,-1.055790483207711822e-01,-4.213357498912617682e-01,-2.089900966722952003e+00,-3.610010408342872457e-01,1.186353599321315344e-01,7.257334095776333260e-01,-1.236377318925328650e+00,6.945702895840337732e-01,5.947845638833181292e-01,3.730432470729117256e+01
-1.018308745643354385e+00,-3.345872901276244482e-01,-4.256695195187195080e-01,1.595018078218251034e-01,-1.941387408621216615e+00,5.252541920743953874e-01,-7.476442061649517523e-01,-9.800163576258920095e-01,1.214810342392585341e+00,-5.663039266634339874e-01,-3.587754069372862120e-01,-3.405967494069447876e-01,-6.680777721926366153e-02,-1.224119200982120681e+00,-7.318236662161727857e-01,-8.684441364038318900e-01,6.235250196621557744e-02,6.043397196654800574e-01,-4.508770325374619192e-01,-3.356336604527090928e-02,-1.285207744980429538e+02
-1.456419726900968006e-02,7.512162157346236047e-01,-2.016930396572258755e-01,-4.450226240633823882e-01,-2.259987421813715869e-01,-3.675851950605655283e-01,-8.642721872192598020e-01,8.215160162723291748e-01,-7.911954005645310817e-01,8.208605177058986291e-01,6.172512541433096134e-01,-1.209815979133288977e+00,-6.639204212027111085e-01,6.969180861399754123e-01,1.167503765124869586e-01,1.479161501677261070e-01,4.135830007632392280e-01,9.624730140418466529e-02,-5.495422537890710668e-01,3.710413148148747342e-01,-1.285637666314052296e+00
5.256169367622570698e-01,1.621282553211249811e+00,1.578490453310814834e+00,1.094406690002940996e+00,-4.512499304735693717e-01,-2.526987080671364350e+00,-1.907329205304647335e+00,-3.044087118702950012e-01,4.281877989714821253e-01,-1.721143727535782552e-03,4.362960068634335054e-01,7.384142110303029138e-01,1.669773573163597424e+00,1.102549808947994370e+00,-1.545225655953506472e+00,-1.092383513770152081e+00,-1.667829560612486273e-01,-6.334625138165068670e-01,5.164044647700325452e-01,4.344152943839384440e-01,2.315194511827382371e+02
-1.932854173579851009e-01,3.658272933395222970e-01,3.155299073336244597e-01,3.703007261821689711e-01,-2.043984108615645834e+00,-9.517421936761671919e-01,-3.997043407670677340e-01,-1.669644875931465267e+00,3.264025371140903964e-01,7.265409512753485677e-01,-8.490160561326262068e-01,-1.031309618071876155e+00,7.073051840736700457e-01,1.257657497268700020e+00,-5.525963803072552194e-01,1.908014327826114132e-01,-2.692988243135074011e+00,1.095455893433306294e+00,8.478895601663842818e-01,1.610692864570250071e+00,2.381531902686867497e+01
8.260846828566399402e-01,-6.039892982337605742e-01,-5.613465014058809377e-01,6.329604564803431588e-01,-3.202663844413972671e-01,-4.652799408150350979e-01,4.952709498176440794e-01,1.630928758486058117e+00,-1.239631990495587477e+00,1.257693529371421537e+00,-5.170106847934928807e-01,-8.283325035624352628e-01,-7.680675428990046960e-01,-1.391563361660110298e-01,-1.458804437837175616e+00,1.702022225534967736e+00,-3.361695111474880981e+00,6.560739866564187228e-02,-2.201440574994150357e+00,-2.065225962708775231e+00,-2.327785045695925348e+01
6.235156276166926581e-01,5.543528216613824444e-01,2.213929465745418379e-01,-3.282362873444106266e-01,6.615692137934553463e-01,-1.828496211327453047e-01,-2.222627320726113520e-01,1.838179067492738128e-01,7.249273981327426786e-02,1.098334998285214636e+00,6.926654828203636649e-01,6.940941611832195379e-01,-9.580113560597690592e-01,-7.775564625590339896e-01,-2.904859720349474150e-01,5.078078032758215343e-02,2.059154050728217999e+00,-1.203042739821966522e+00,-1.187009406527309796e+00,-4.428888448771219899e-01,1.040464529644024623e+02
-1.100288603115222447e-01,-8.369960311045349100e-01,-1.249503883813157135e+00,-5.720933976545161670e-01,6.127727281710764196e-01,6.007332007523370487e-01,1.674771109271512293e-01,-1.016217574485297342e-01,1.570520446876277010e+00,-7.062525839633509994e-01,-5.002635339850350915e-01,1.937909325451478315e+00,-1.069549402496669188e+00,-6.732232961132095239e-01,1.384883671795980264e+00,2.078045598208082989e+00,-8.599881934419406626e-01,-1.646452165309870930e+00,-7.167672385323882178e-01,5.413523764984324860e-01,-1.378035347793774008e+02
1.423102044428657287e+00,8.284767339234906658e-02,-1.180612185248491430e+00,4.315050041124334212e-01,1.654871221859820274e+00,2.409097837411890430e-01,-1.447965159160062021e-01,-1.646342356241496496e+00,6.168698075704701633e-01,1.646276401978089554e+00,-2.293223405475186993e+00,-1.097553295367629023e+00,7.398784129700027856e-01,1.025170481059346717e+00,-4.662501604387082055e-01,5.653423022160800615e-01,9.389958477777845536e-01,-5.593079279466244280e-01,4.322076016529431408e-01,4.223300462969523106e-01,7.477413250332620009e+01
-5.635699165256355947e-01,1.895695456303264192e+00,1.618764549871907488e-01,1.273071592944311214e-01,2.663569197282602552e-01,7.942906162244693924e-01,-2.135433344364470631e+00,6.181576467278832726e-02,6.797159073090053294e-02,-2.186290958668689388e+00,3.976351534111244312e-01,1.164075217790990546e+00,4.095281276383339608e-01,-1.240841065080223515e+00,1.204232840206031163e+00,-8.805533368391392779e-01,1.543623685561003267e+00,1.618645820107460775e-01,-5.010404797351325490e-01,-1.990203015957298538e+00,8.417743370089719690e+01
-1.082483146916902506e+00,-1.787183078748660447e+00,-2.414019832429999401e-01,-2.155735705918980505e-01,5.014241769117544489e-01,-8.504187561491690639e-01,1.415961288231842863e+00,-2.496195938445484874e-01,1.626756659922940162e+00,-1.949633549615508998e-01,6.169324825732381834e-01,-1.064940540602710817e+00,8.062388088378928952e-01,-3.122331347234730825e-01,-1.420042779140749944e+00,-8.213909972565021089e-01,-8.026842393364714834e-01,2.156191186140685279e+00,-1.492152150644609210e-01,1.132352680792360511e+00,-2.044390350879114351e+02
1.809400065676583166e-02,-6.499900351252906328e-01,-6.483574921066034280e-01,-6.006255779771392245e-01,-8.992563834751658991e-01,-9.704881736155021588e-02,-7.451584261035437695e-01,5.794418694252377877e-01,-1.014728876109830757e+00,6.803062464688968136e-01,7.041300802709284101e-02,8.748910335227695345e-01,-2.336923515138965790e+00,2.789380165408877343e-01,-3.428155732403257439e-01,2.783535187748929496e-01,1.958351822491504191e-01,3.132857725701812535e-01,-3.442966164204782631e-01,-1.203120378015054115e+00,-3.771309169170127973e+01
1.273389895546412687e+00,-8.808608260327213113e-01,-6.460429883612915924e-01,1.417574985659739717e+00,4.465873483697562762e-01,-3.856015829211612012e-02,1.045416246333137344e+00,-4.086864590454279966e-01,4.278561752428731713e-01,2.361131519322939631e+00,-6.994591997235549696e-01,2.262946399500113337e+00,-3.159129884442367863e-04,8.116917771835380213e-01,1.363069016513130727e+00,1.802394344836439677e+00,1.677858716742972822e+00,-2.181397120355417496e-01,1.271601450160998681e+00,5.965028880397580391e-01,3.144039642038559634e+01
6.306857799547391785e-01,8.608505214394750471e-01,-2.677558410280667989e+00,-1.015308812368987068e+00,-3.822008482271679330e-01,-5.548261840494000952e-01,-1.648569711626269862e+00,-1.260602026605729398e+00,-7.257284646122208471e-01,-8.948961848956453746e-01,-2.282801156776992704e-02,4.385330830304158822e-01,-9.169996306775589634e-01,-1.106345234563917312e+00,6.603111129266231449e-01,-4.420693562415046740e-01,-5.816210256904795761e-01,7.824229266971920449e-01,3.781076654041726215e-02,9.836034892585062694e-01,-1.778556952981127282e+01
4.743433486941962540e-01,2.905900146174825172e-01,5.205084648736432174e-01,2.351674821029111628e-01,-1.060922010024903717e+00,-1.476161411940814183e+00,-2.086740620147890801e-01,4.286828696907863390e-01,-9.353513763785373802e-01,3.994506854747751912e-01,-1.572410060301015822e+00,-1.105705108554906779e+00,2.806693392126966557e-01,-7.672078715024404083e-01,6.885504875858176055e-01,1.252759338336123518e+00,-1.221336752124306813e+00,6.837024529615708113e-02,-1.161677946116870475e+00,-6.177709434227828256e-01,8.101528206890534989e+01
-1.850747768710548469e+00,-3.769327600483402541e-01,-1.482040253063729995e-01,4.090444993768376780e-01,-5.215565283963814469e-01,2.877449091967787184e-02,-1.372143756245253865e+00,-1.462405141575204404e+00,7.968021172020776088e-01,2.212141773091857111e+00,-3.009094185750881278e-01,-1.038516370192055005e+00,1.021274929194310177e+00,-8.930482306606376541e-01,-1.017416911559894332e+00,-1.049639336339128093e+00,4.106921848244620699e-01,1.414404406988456209e-01,2.966477497730313044e-03,2.676844425283250173e-01,-1.688108654408175369e+02
-5.824240290316570062e-02,-3.497657509446898683e-01,-6.868230657644467385e-01,-3.188210310101755041e-01,1.071683874418079885e+00,4.400502173450052817e-02,-4.369601738389808365e-01,1.620336339508356427e-01,2.140748878069552441e-01,-8.693758021633515298e-01,-1.560487051542338299e-01,2.769153079941161777e-01,-3.806773395654343140e-01,-5.036773227556758797e-02,1.677359659806069381e+00,-2.689738363608190630e-01,-1.577704180914510479e+00,-6.268334463485916164e-01,-9.275684457067390198e-01,6.798766485275773430e-01,-3.146501160980958289e+01
1.786438398936093241e-01,-1.337409371551324000e+00,9.255828289986013369e-01,3.815546581816429694e-01,-8.126563368890445949e-01,3.518338702517827543e-01,-7.456856307086399127e-01,8.995942424443188479e-01,1.453055668763197250e+00,-1.199836187463683146e+00,-3.514998451819713043e-01,6.214582404628370416e-01,9.221397123453604072e-01,-1.845160453034340620e+00,-4.794923174881153272e-01,5.547544853990402647e-01,1.250961442945818132e-02,1.633513287338063558e+00,-2.636918412327334593e+00,3.852550751887428571e-01,-2.003388465966776977e+01
7.950783859873247761e-02,-2.559884428090372088e-01,3.297171885827530902e-02,1.313405522379323731e+00,-1.171716119945469314e+00,-3.232713699727718937e-01,-2.343467245464117887e+00,3.542611312672767077e-01,1.753892599223228599e+00,-4.515149083889585246e-01,-8.383307671285937790e-01,1.194618107047209915e-01,-5.901012929795915740e-01,-7.311660216644756405e-01,-2.064136114165566305e+00,-3.584759873551395803e-01,-7.058616135818028825e-01,8.580433838098707744e-01,1.045871767895941024e-01,5.470592377337150092e-01,1.793906108046883929e+01
9.619363121718612630e-01,5.057317980781692590e-01,-1.954906159674024257e+00,-8.071447432958310797e-01,-1.815866293109367202e+00,2.852481891651254542e-01,7.601577075986881704e-01,4.569160153870740482e-01,-1.250322401378500370e+00,-1.177493035889811468e+00,1.196631414995454924e-02,9.582651401687066750e-01,-2.740928559357041702e-02,2.480503066041156723e-01,-6.695823089245152016e-01,6.048959758553541094e-02,1.164591865489972955e+00,-1.269979090415438661e+00,-6.100675408852513915e-01,1.117317481942085855e-01,2.680892321179947402e+01
2.034715384203186872e+00,-2.587362302438813710e-01,1.647836848490690675e+00,1.720712057296487130e+00,7.974648798679037087e-01,5.206885112872779997e-01,-1.318289686493489654e+00,3.615309462233795013e-01,8.629639816498125837e-01,7.770986444688815498e-01,7.867110450092104079e-01,-2.835397172485367157e-01,-2.032133618512015794e+00,7.116168221978898256e-02,-1.879197693867691310e+00,-8.953581849211867949e-01,1.563272327727242450e+00,-9.382481253319819858e-01,-2.029985681967355404e+00,1.130131538523463375e+00,2.169100745323449644e+02
1.814430685913296815e+00,8.874149369514469088e-01,-1.679579679498371114e-01,-1.340302598624722119e+00,-2.498326090656235177e-01,5.237946179270920322e-01,-1.455469862246056456e+00,1.683885553732340223e-01,7.081772557235724852e-01,9.865803775363731765e-01,-1.538477595563045863e-01,6.085877965334306888e-02,-1.454341022884956924e+00,4.982448071691479297e-01,6.898873296476434325e-01,-9.435437473177941126e-01,1.553534057747448238e-01,-5.668589954359425365e-01,2.026001940040308202e+00,1.636672776419354491e+00,2.616653487637756825e+02
-3.453584009938158728e-01,1.928153873475948021e+00,-2.335657996330530728e-01,-2.886156976500301452e-01,-1.009036206899742938e+00,-6.586283097978569145e-01,1.045816416359457435e+00,9.812171583767683725e-01,1.999828511411422260e+00,-1.598261195430711989e+00,-1.410778385426467496e+00,2.529923504369448128e+00,4.819680163323749045e-01,8.447711184566716325e-01,1.333102816474482033e+00,-5.041156008395941690e-01,5.676860239951820875e-01,-1.598622302843303755e+00,-1.060930273862531914e+00,-2.178877337909584655e-01,7.137815129399436387e+01
2.868033953583542517e-01,1.426220657454998264e+00,-1.380934325850783129e+00,1.789302452767488560e+00,-2.930326772656531631e+00,1.419669699968287568e-01,-3.133746147799125470e-02,-2.057323334017338468e+00,-1.638303532861318246e+00,-1.011359032357370902e+00,-3.057897230322264570e-01,4.733637848021336469e-01,-1.243896716357915544e+00,-1.943852478166042674e-01,-9.399528296178287778e-01,3.597970332362536161e-01,-2.999601350986278891e+00,-1.751896265856345503e+00,-9.556107154688036065e-01,-1.564069344611845880e-01,7.633266769360587034e+01
-6.079147236916095931e-01,6.632876021406496347e-01,-6.650680170564082783e-01,9.101270124701659192e-01,-1.541107432365395324e-01,-2.176978697884569824e-01,1.268284167325054446e-01,7.492042804657775279e-02,-3.755979776189779518e-01,-1.815634799749543005e+00,9.002068668526432837e-01,-7.200147041942641657e-01,-2.855956140558307821e-01,2.099556850822628939e-01,-1.078707747550872842e+00,-1.032834435678743334e+00,1.670707206207713957e+00,6.551597736499752411e-01,1.198239239585786597e+00,1.047015099550557479e-02,-2.100580954178948190e+00
-5.838340948043252432e-01,8.511887673548372835e-01,9.835782832184041258e-01,-1.485449216625785995e-01,-1.081112987299651662e+00,-2.477880774492541571e-01,-1.414231448700869163e-02,9.216290238176530480e-02,4.042197786075632515e-01,1.045256953440983461e+00,5.496950850461846949e-01,-1.509114353202839043e+00,1.217246924014218967e+00,6.568431122001450184e-01,-3.417911598655334893e-01,1.370812870477448042e+00,3.760990711510304729e-01,-9.410135234279848326e-01,-2.149062011909074962e-02,1.367164019501320382e+00,3.652937480721128338e+01
9.659730569428524038e-01,-7.685855377498600483e-01,1.321752405385122897e-01,-3.882936015840087185e-01,3.853768818898588577e-01,7.157019678409380914e-01,-1.279282875152316423e+00,-3.713211476728084937e-01,5.036646949716763189e-01,1.914851508297915172e+00,1.611485587116204377e+00,2.388781753970685262e+00,-5.642322321899075899e-01,1.620394974154282242e+00,-1.667264465361263381e+00,-1.021695416439683646e+00,-1.129061919895324034e-01,6.748836143955821987e-02,-2.565106217615336970e+00,-3.846387005124110581e-02,1.397708238306440265e+01
1.704957891484170096e+00,6.093803168441178642e-01,3.056154158061382131e-01,-1.222005362173619991e+00,1.286105526320644676e+00,-5.914129788538970978e-01,3.593743644103241652e-01,6.962226146476624411e-01,-5.753131133409111753e-01,-1.835925571366958664e+00,-6.147537867380239440e-01,-1.009772974660555489e+00,2.265219116871798111e+00,-3.668688259916383365e-01,4.537426924055622535e-01,-1.220336139803946063e+00,5.519211836568070906e-01,-8.284602248764071364e-01,6.419825584304711397e-01,5.891802782961148566e-01,1.726575962895097973e+02
2.374513910191990151e-01,-3.348301675572531999e-02,4.878956558972686458e-02,-8.796933675176548117e-01,-2.434794029098087176e+00,6.863893625276983324e-01,-2.204313014138775895e+00,4.939873775218899254e-01,2.320134366700441486e+00,-4.590716903256775727e-01,-1.186418967653867391e-04,-1.447748071314834295e+00,7.203922321367650650e-02,9.682633213378410986e-01,1.474164756150362576e+00,-1.405194211800710469e-01,-6.159096832557396928e-01,-1.010985490556100208e+00,9.946318573210938263e-01,-2.641963974164974749e-01,-1.667079176150841135e+01
-1.490928050024318066e-02,-1.024333887857727277e+00,-8.792161004830386650e-01,1.097601059065409501e-01,6.647281616314523189e-01,-6.711603209641485712e-01,4.588441670937801753e-01,1.239778086493322773e-01,9.528636897532280492e-02,4.327269618803311624e-01,-9.805620806842223480e-01,3.688551497180118099e-01,-2.628937318121412070e-01,-1.446467134602033910e+00,-1.412414474198566694e+00,-1.054832976838875475e-01,1.419527833034019138e-02,-1.159989611637507023e+00,4.068666611532956723e-01,9.313818825269395418e-01,-1.617012608234271624e+02
-8.555224527099342113e-01,-3.742769471140118820e-01,-1.633404645318289605e-01,7.411884472773063726e-01,6.869614627780359362e-01,-2.717944485980183233e-01,-5.554089123696234059e-02,-7.639261220679162134e-01,5.629024007351809411e-01,9.007354842977836062e-01,1.099242216765707880e+00,-1.322377965399218036e+00,-5.113565608948574814e-01,-1.088487445898186357e+00,3.994506473989788975e-01,-6.970972404541534440e-01,1.503812829310705368e+00,5.225409732182066946e-01,-5.670963433465197046e-01,-1.137371938379500236e+00,-5.875882597074161851e+01
3.599565550636384947e-01,9.121449001001691315e-01,-2.295384897330486673e+00,2.488246026195061189e-01,-1.327947901537000153e+00,8.467941739042709193e-01,-3.985746870089839633e-01,6.249346674798474943e-01,-8.879947940022686614e-01,1.298656990449794435e+00,6.892683187402262601e-02,-1.646056248725989990e-01,-1.056869552811256401e-03,-3.012627876556042694e-01,-7.684923894087120066e-01,-1.438940295250291879e+00,8.693435337922477135e-01,-1.649152684227773724e+00,8.439260579822065456e-01,-1.508797581264368359e-01,-1.255834325348564562e+01
-4.600663444655663237e-01,6.100951210875966702e-01,-3.254137606592233389e-01,7.059444370786964740e-01,1.169137615627185989e+00,5.414849561623795715e-01,4.555973319835965318e-01,3.730889531707181628e-01,-9.982859596239728184e-01,3.431566498763304884e-01,4.750876691972735766e-01,4.265474121703232147e-01,2.688946685896385635e-01,-7.457019812417382994e-03,-4.681008211331616486e-01,1.607464963976464878e+00,7.620749003607562022e-01,7.813385386472988803e-02,1.439301151833785597e-02,2.225165663511870395e+00,-6.983739040251836450e+00
-4.966948220270450687e-02,-1.378633881347964163e+00,1.052800411748551213e+00,-5.082189389223039644e-01,-2.438323026310948716e-01,-6.056576372935271735e-01,5.180345992580757258e-02,3.238595537623093712e+00,2.569543932357634675e-01,5.214833178978007383e-02,-5.457512136614434128e-01,5.348859405033408176e-01,1.805149294013922212e+00,-2.546134923442688436e+00,-2.546744114840808204e-01,-8.349345159509951042e-01,7.451927091139148862e-01,1.738946976380779108e-01,8.524806418965207022e-02,-1.542880289012222954e-02,-6.249068357935388462e+01
8.714645275454201423e-01,-4.701314641436294406e-01,2.070770107674582583e+00,-1.226724113147231954e+00,-5.892536742244448567e-01,-1.488983522659543368e+00,8.435017303124107135e-01,9.602794615517250554e-01,5.094805010067434692e-01,-8.145712445137616164e-01,3.332911340392747390e-01,-1.533284425713819399e+00,2.157939565676957550e+00,5.143564079557074731e-01,-2.771107779186501308e-01,-2.032681713050489558e-01,2.099948255132577213e+00,-7.334819391800592170e-01,2.252521218821801785e+00,-1.532455049468071095e+00,1.082185318203650155e+02
-3.297931202421048313e-01,-2.260355209715112224e-01,8.647708664040415494e-01,5.410814793259836053e-01,1.387032219109801401e-01,3.779858270669261278e-01,4.960809316713237216e-01,4.911392437845149561e-01,7.021548217897940480e-01,-5.641718731989671387e-02,-1.338562894255386881e+00,7.236057104893988123e-01,-9.097693616986710086e-02,9.199757783878927953e-01,1.113992899190112462e+00,-4.706725546771327318e-02,-4.480390661721008749e-01,-1.737732435828176214e-01,1.245802894935015281e+00,-6.859322630408026811e-01,-4.609179291524978339e+01
8.577144708434439879e-01,-1.634114031426759261e+00,1.724222546125398770e-01,9.594563100464140737e-01,6.475087384126910761e-01,2.476321692472188973e-01,-2.817409596156628115e-01,-8.936650631237327280e-01,9.797907616526992103e-02,5.989256555177309149e-01,-3.353426590021053033e-01,-1.074913517715604616e+00,3.385504689499141961e-01,-2.081402041194930774e-01,4.717939293656611688e-01,-1.267926608062975441e-02,8.262735862919964314e-01,-5.313555898974414715e-01,-1.992065247650876669e+00,1.557266936726227735e+00,-6.124934415115734510e+01
1.894226353802055396e+00,9.191669643745160601e-01,-2.602225031365550389e-01,-1.510272268457514278e+00,1.004395357133546884e+00,4.099785042550982972e-01,-4.357432013441214086e-02,1.376517228978821894e+00,2.546845581989180540e-01,-5.239643474299504611e-01,3.375661086361108620e-01,-2.516282860216840223e-01,-1.966054670042012509e+00,9.853571218123899911e-01,-7.435222187342906963e-01,1.034120147115997757e+00,-1.019833967296275290e+00,-3.212141076670527173e-02,9.982143585684707388e-01,1.489410339712776254e+00,2.000205092211143096e+02
6.084109325199371643e-01,-1.423608991471246643e+00,6.218393100152188602e-01,2.565895199966417572e-01,5.118952094776644257e-01,-3.150723863414653936e-01,-1.984341563455363777e-01,2.653311016261358013e+00,1.302403287622509342e+00,2.747003259707918033e-01,-2.019370419349690304e-01,-4.021883857152908082e-04,3.895941928628593454e-01,-1.204460543470835754e+00,-9.180501183715653601e-01,-3.202294883388988600e-01,1.154828292938328893e+00,9.982807394123154321e-01,4.830878523734088437e-01,-6.980968156045659345e-01,-4.192826342351888513e+01
2.163197609784416608e-01,-1.352060864523874917e-01,-1.708886719644784336e+00,-1.087705317821292539e+00,-1.921204358351036534e+00,2.263657238730356625e-01,1.097490501673229341e-01,2.066038736872851667e-01,1.591617764744845953e+00,-1.027679513848307691e+00,-5.553140858848585326e-01,1.376776013124033415e+00,1.002071977781707757e+00,-3.704166153573244524e-01,-1.933303131131429708e+00,4.268306307014998469e-01,1.441687912966579388e-01,-3.751438785362478101e-01,-3.727252007802550060e-01,7.058988413838040987e-01,-8.263502596763055408e+01
2.319258662071767674e+00,1.422293554943165894e-03,-6.872193127150679759e-01,-3.691876586592327536e-01,-4.328425117476200623e-01,-1.531597847934759393e+00,-7.133446804945260400e-01,-1.185729979328739719e-01,-1.029795059417677017e+00,8.227664124544989410e-02,-3.136546389708190774e-01,1.145036615258903656e-01,-3.340830307941932698e-01,1.043511625470104620e-01,7.284424590913132214e-01,5.169475666337267628e-01,5.451913825922964918e-01,6.210666436042778793e-01,2.409984755463952591e-02,-3.547217985022891873e-01,1.599129686962909886e+02
4.474653658386195665e-01,1.125010539268407106e+00,1.321181419403595125e+00,2.510565191179497599e-02,-7.850721177093811232e-01,3.891051914131053446e-01,-5.027016857575971054e-01,8.985391386646431888e-01,-2.483532561070133649e-01,2.312506721027347834e-01,5.948607690479671417e-01,6.168513871753356081e-01,3.953459105274953478e-01,3.132855486313385618e-01,-5.468916335257322237e-01,-8.438323267217219259e-01,2.080564561292458647e-01,-7.338232846727287262e-01,1.525723878455161220e+00,6.005127620267437794e-02,1.732507366689549713e+02
-1.082628858944280292e+00,4.170556527093747801e-01,2.068013782932806688e+00,-2.708139093541270248e-01,1.138244086675495925e+00,-3.022441493125425982e+00,5.574713232994658041e-01,-1.016458462168415178e+00,1.322122061138969684e+00,2.211069656059967969e-01,-6.873735654040036280e-01,2.658750226947431905e+00,-1.464977026397140392e-01,-6.644785496432488170e-01,1.313330351980426247e+00,1.403678117674255654e+00,9.503654993708837706e-01,-7.751717317717892186e-01,1.659978636338529601e+00,7.873121720006739377e-01,3.520967555501810864e+01
-3.899760961771355783e-01,3.581008646171997545e-01,6.380006305172695180e-01,1.500110299112107359e+00,-2.332519429240453857e-01,-5.642821909584414541e-01,4.677861888516364197e-01,-1.949845140406818861e-02,-2.682750329749754026e-01,-1.590569509835524364e+00,-1.731412032115092092e+00,-1.705969452601943326e+00,2.573405482316140525e+00,-1.194428592741443751e+00,-1.339457667355803405e+00,-1.299782008959879498e+00,-1.331625963471960439e-01,6.276256061275278242e-01,8.316169585205726578e-02,-5.612477242389628529e-01,5.242295120730612723e+01
-4.223826490347483698e-01,8.394455441285013642e-01,-4.882420261794956362e-01,-1.313362725252555964e-02,-2.008357982324529001e+00,3.888242131513739430e-01,1.110068004005628550e+00,3.770837651506399324e-02,6.303845808012628060e-01,-7.272802963553766098e-01,3.976236693512674170e-01,-1.309133765991004894e-01,8.357111533621330857e-01,1.094420971007229459e+00,1.248027744337299572e+00,-1.624822311574243061e+00,-8.841615253979763223e-01,3.873643260561237534e-01,5.775545309898596491e-01,-2.675944838635564982e-01,2.341916859193974021e-01
3.133600657804930592e-03,5.019219606228353392e-02,1.307587839482095005e+00,8.873747991215771291e-01,1.381747054674971942e+00,-4.568615989260045862e-01,-5.556060266657866231e-01,-2.035906588505115966e+00,2.742313337847176458e-01,-8.433449193114538334e-01,-3.800864470690814012e-01,-1.451990116061466773e+00,-7.882061455189338650e-01,-4.026413464118211438e-01,1.213614534226247654e+00,1.410899562497896775e-01,-8.682238840482310316e-01,-5.338394152262839754e-01,6.039908230621104240e-02,1.714407638861693783e+00,2.290848822959706155e+01
-1.259392729033003366e+00,1.001235267443341792e+00,1.258053338889358608e-01,1.220946601299059964e+00,-2.444260285422594325e+00,2.512011790395370925e-01,2.664627168075973884e+00,8.890665729543920093e-02,1.517879612628163954e+00,1.491726411998461232e+00,1.162567786652078272e+00,-8.196833931433246401e-02,7.843404579423059186e-02,-3.684215932819119299e-01,2.512115273756951872e-01,-7.414515339070220090e-01,-1.402089741195544359e-01,-2.562943346997724747e-01,-1.114223381717587946e+00,2.138962754882308914e+00,-2.499050220494870089e+01
2.530593039314914527e-01,-8.578278199255937597e-01,-1.640513244984022956e+00,-2.192007077460806030e+00,3.320913027747993823e-02,-7.320721279235109513e-01,1.418234140726090331e+00,-6.041680901701079742e-01,-8.518331654108416418e-01,3.007913412568850031e-01,-1.043117574680773263e+00,-1.593870884722422554e+00,8.222536874209434021e-01,-2.013918007498999518e+00,-8.447698718496517989e-01,-6.785509726920377904e-01,1.073640068513868062e-01,-1.128043097979117171e+00,-9.853457152054271306e-01,6.094835642459264097e-02,-1.105486061705010030e+02
-2.702090083610120819e-01,2.395204671909710314e-01,-9.025882237968514410e-01,6.732920041196427396e-01,3.961762802487255319e-01,9.281508176289888778e-01,1.788594160972003744e+00,-9.969930877099162508e-03,-5.433578506077122450e-01,-3.555785772056840321e-01,1.298612562742511800e+00,1.365066325964526817e+00,3.264328950590069667e-01,4.638648517260062776e-01,2.418837168040992136e+00,1.511256635821790484e+00,-4.141499063161994953e-02,-2.556214614613411262e-02,-5.333102175985774407e-01,-5.565987398087541838e-01,-1.202116143355756606e+01
-7.011485898331282218e-01,7.437383878818891736e-01,-2.875135552514554993e-01,3.264992110300996564e-01,-5.043538149001826065e-01,9.645116110224682959e-01,-4.111514322400762200e-01,-8.355478904060215095e-01,-1.846933732428585051e-01,1.540488638540670197e+00,-1.053069073921672150e+00,-4.885169854841301396e-01,-7.245558409793338983e-01,-3.336173336191839423e-01,-1.607971371190407783e+00,-1.513274667308200483e+00,1.065203596787914986e+00,-9.205394578493496516e-01,-2.255805582031021328e-01,-1.465351194342181307e+00,-9.440965712677586552e+00
-1.879558216996954023e+00,1.714729057154180003e+00,9.683716373024524593e-01,-5.404005081970900681e-01,-1.362849320365249195e+00,1.038388728226064955e-01,-7.243769131050087351e-01,2.267797560358991715e-01,5.811735479477321276e-01,-5.508706832635293926e-01,6.477058986020520215e-02,3.101011919134895600e-01,2.551684148381611617e-01,-1.448086871633192108e-01,2.993069714228642139e-02,4.566337321328828303e-01,1.456135648243723490e-01,2.772125701146928023e-01,5.165581427042837959e-01,-7.816870707436193166e-01,-1.600074351560442665e+01
-4.036621161348024622e-01,-8.083703932201087294e-01,-7.607372892467419989e-01,2.495964230681406992e-01,-1.070073521537224792e+00,7.968236683924929675e-01,-4.247130163700712363e-02,1.574203229052715702e+00,2.756699743052238194e+00,-3.753112554320294225e-01,-7.994687527008289551e-01,-2.499683745651634648e-01,2.221667050561846768e+00,1.160678953164822280e+00,-1.558682054622977653e-01,7.606553260521581317e-01,-1.135195827798782114e-01,2.127232206057717290e-01,1.147240525696978652e+00,-1.606185459102962010e-01,-9.584733384957968383e+01
-4.988614787444021759e-01,-1.749969177673263765e+00,-5.201153736324555243e-01,7.861388880423213488e-01,-5.377470752736759341e-01,-7.293059938555410127e-02,1.255252482762435395e+00,-5.944892422479195471e-01,-4.340259754403779646e-01,-2.671978720386971595e-01,1.203740335087289060e+00,-4.019065373538998620e-01,-1.394813238130135469e+00,-1.800787519831077654e+00,4.483162389365539235e-01,-1.302648376761309235e-01,1.781538825430369677e+00,6.319557783861110556e-01,-6.230537192858065509e-01,1.863992621705791997e-01,-1.295089507768349790e+02
-1.535539402771971318e+00,-1.043404358547908473e+00,-6.500663310903767034e-01,-1.933812220862899389e-01,-1.765576530886069806e+00,-5.249697534115467246e-01,-1.053029400485650191e+00,2.332637691399719049e-01,-2.202627270384459823e+00,-3.169348886621931038e-01,3.065324541248644619e-01,1.925670243757542366e+00,-2.596260744554934163e+00,1.048585979057856443e+00,-5.347788091824707823e-01,-3.685588415608916368e-01,-1.330614900355672203e-01,-9.691443328131554846e-01,-1.611266886273438337e-01,-7.316995603057440123e-01,-1.975811385900659332e+02
-1.407280219171626712e+00,1.796128188791882851e-01,5.796898164309521873e-01,2.948145588254059701e-01,-1.726441269292522174e+00,8.606159377259655630e-01,-5.415027115156427762e-01,5.122695439915955218e-01,2.534068617760098507e-01,-6.226136379849069868e-01,6.630721804735276170e-02,-2.320014018283494739e+00,9.395631044217951366e-01,-4.570876673550758884e-01,-3.023005620591356357e-01,2.113423672121405250e+00,-2.341413534599718904e-01,-3.579442775446694536e-01,6.195806387566802492e-02,-2.747952948343736490e-01,-6.984074392570623502e+01
-9.671095025441071857e-02,2.438783408755681170e-01,4.940848060632167527e-01,-5.904371218121836629e-01,-5.643687845610154685e-01,2.208771949193367168e-01,-6.850675527265899234e-01,5.323712361065970899e-01,-2.298966365831125014e+00,4.003195240265551846e-01,1.117379429143793956e+00,2.212063000286375036e-01,-5.085658456748206602e-01,6.235560975339690115e-01,4.095127056295108092e-01,-1.696691089514167361e-01,-6.795811847739948730e-01,-8.694671514479133112e-01,3.875961393038183933e-02,-1.184505495250275597e+00,3.112206249695635663e+01
2.214361420797263058e+00,1.417892551327930351e+00,1.000823985414917683e+00,5.444698048238505450e-01,-3.182233210754358277e-01,5.376573214282590607e-01,9.722465864358522669e-01,-3.073103551701584224e-01,2.339861552323009963e+00,1.072977981089629829e+00,-9.691764671121546604e-01,1.178320707792634758e+00,9.964192356920771321e-01,-5.912520977992454796e-01,6.675485610479047205e-01,-5.603262168676376165e-01,2.105341052015500813e-01,4.171187161308498870e-01,2.833048405459795416e-02,-1.121989168087619559e-01,2.493804641655339935e+02
1.419596553192978394e+00,9.590872244698850357e-02,-1.671948062066683505e-01,-2.474380209654703788e-01,-5.276262871811067123e-01,8.562886371267021124e-01,-2.336669473762502391e-01,-4.028491518497557267e-01,-7.501064973006570380e-01,-1.568663967355240274e+00,2.622972627252029287e-02,1.844944393597980570e+00,-1.279151359111015129e-01,-4.101036904380643278e-01,-1.522890851165638456e-03,1.138399260094581811e+00,-5.055959843689664668e-01,-2.484505160084098455e-02,3.720041765054998839e-01,9.580384586502045385e-01,9.681189793074845795e+01
-1.972642813033599118e+00,-8.197880035289563105e-01,-4.943316941764271388e-01,-3.838395371822338475e-01,1.427019013452713203e+00,-7.781593782487735700e-01,-2.956097129820718650e-02,-1.077378260687810618e+00,-4.246047784067466524e-02,-3.567629136843002424e-01,1.450198107772899592e+00,7.264930600696400953e-02,-2.118498147069691473e-01,4.617369669681132271e-01,-4.627111128321658162e-01,-6.856611062069399853e-01,-1.208969559251168224e+00,-1.358120971702072577e+00,1.338311053554645857e+00,-1.162615367139357286e-01,-2.216203627815467030e+02
9.323465790465152933e-03,-1.702929215095954962e+00,1.242149278034325510e+00,2.073100017396708739e-01,3.635940151498968653e-01,3.697712820934571654e-01,-7.374710977871371531e-01,2.022505108398335028e-01,2.248875807357477441e-01,-2.914592439956406600e-01,4.481862975490191747e-01,-3.057750822007539448e-01,2.867390535586820111e-01,-2.146163232581295599e+00,-1.165457212603456805e+00,2.416637497086405739e-01,-1.029782360261011220e+00,-1.354074809461845996e-01,2.105981777810840283e-01,6.467240732469184961e-01,-7.446136042219322349e+00
9.531048678263788210e-01,-1.881361561533315241e+00,3.308049087452066273e-01,2.362599879522326862e-01,3.704601264112953318e-01,-5.071799442236890609e-01,-4.016825243552177849e-01,6.460771484454048696e-01,-6.271586994732228915e-01,1.426702143640536935e+00,5.438358999208564581e-01,7.309479089409669228e-02,1.001864100264448387e+00,4.246042086481425226e-01,1.407483255730722638e-01,-2.801506126453695567e-01,-1.384078486335606151e+00,-7.000647685763898564e-02,5.232759445616729232e-01,7.641826804947534635e-01,-2.979994208439540770e+01
1.910982803977371858e-01,1.450673482507170708e-01,3.327604813805547512e-01,1.016490475198062349e+00,-4.054966744872333662e-01,-7.245886545884132612e-01,-1.320158166489925344e+00,-1.694696057215681506e+00,-7.791204445698732828e-01,-1.504995051427729935e-01,8.933743728714033105e-01,-5.351310435828604550e-01,2.155177784682455189e-01,1.554741379049533689e+00,6.136721286581441337e-01,2.707478822130130469e-01,2.378520890023300360e+00,2.444771212556774986e-01,-6.197335416492459892e-01,-3.438838385259450070e-01,3.027376541989607972e+01
1.070461990343490211e+00,-6.482381732515299921e-01,2.953280053704803176e-01,-7.467169774242855551e-01,-2.261045942165643141e-01,-2.260523301839280297e+00,2.770280014683551006e-01,1.206294536968251618e+00,4.954399750323585372e-01,-2.311635353719041219e-01,-1.294078489922446895e+00,-3.766566202563358945e-01,-1.162711270231500116e+00,-5.084521560601699131e-01,-4.451412081018490396e-01,8.675078871187913432e-01,-1.360764837202612654e+00,1.338174264809189218e+00,8.889473860978309716e-01,3.183561373986266707e-01,8.129980535946411635e+01
-9.548398944187125315e-01,5.842129126322809229e-02,8.040705606288475193e-01,4.766188503698467333e-02,1.124470644263486641e+00,-2.351873080899582913e+00,-2.049187768363065487e-01,2.074312812534118589e+00,-2.200279357405040825e-01,3.423760311600689832e-01,-6.501767650664748155e-01,1.489772719265985534e+00,-2.273758770668191376e-01,2.072987938830285426e+00,2.932219285488869009e-01,1.507973288616908658e-01,-9.625749412425761431e-01,-1.772958621131617285e-01,-2.688538261108121552e-01,-9.439863845449345536e-01,-6.556849651238189836e+01
-1.992824143119549474e+00,-1.622756917285692602e-01,-3.197545593205751158e-01,1.028868932478829296e-01,-1.499718484723672474e-01,-7.004649949310051138e-01,-2.473285448376073281e-01,9.898443825355391912e-01,1.937433310109417661e+00,-3.206305266559219547e-01,-1.013476950024836537e-01,3.173094870464302497e-01,1.993131510694210906e+00,9.432490652102154538e-01,-2.490263246990880031e-01,9.251964162651508117e-01,-4.991307850594383644e-01,-7.193309170969628408e-01,1.427873134499959562e-01,-4.580964689261247669e-01,-1.993031116116353587e+02
9.115319284303492475e-01,1.017040826121951902e+00,8.073796332744058724e-01,1.093261645856782316e+00,-9.340914577708900879e-01,2.546791670285254439e-01,3.632444872033094851e-01,-1.536617672951066937e-01,-8.529625485906426885e-01,-2.160496456978560631e-01,-2.658715173487224970e-02,-1.261907635524306959e-01,-7.181020807363415193e-01,-1.216028821108000813e+00,-5.804119611580550453e-01,3.440975544236750672e-01,5.918395430903736765e-01,-4.001657464606936387e-01,9.337811310593401304e-01,9.780244518995797609e-01,1.486091014223697186e+02
1.634514201992906424e+00,-2.695059784009601889e-01,1.093298290209391066e+00,2.644335856772654370e-01,3.611975666430493614e-01,1.475945197997309721e+00,-6.089009224380239615e-01,2.152344050862183000e-01,1.108460090758823569e+00,-1.001681715761310931e+00,-7.000629438182247588e-01,-4.490094492595937403e-01,3.219938723673507752e-01,-1.399475721639710790e-01,1.815211470940562233e+00,-4.957272006977515577e-01,-1.352443557777155636e+00,6.747502788562547149e-01,6.222970165139556364e-01,9.551434318621349062e-02,1.876392423316925715e+02
-5.445137824723035314e-01,-2.718028626764152356e-01,-7.157892359457024289e-01,-4.414296844515090967e-01,-7.307117666967767322e-01,7.454117462393869964e-01,3.143976789538900918e-01,4.689872121091016172e-02,8.064064972699541700e-01,-2.344404958223903213e-01,-1.937999618162418169e-01,-2.611078981700998281e-01,-1.017723674362170927e+00,1.280715774050588118e+00,-4.436832761258550639e-01,1.430876797823263713e+00,1.786651142910183454e+00,-5.987182491296247355e-02,7.111568004575029578e-01,-9.771528807098224245e-01,-1.098703666850619101e+02
-1.952252643781028807e+00,-3.439128424326607508e-02,2.322003343478398207e+00,-7.838560330618082883e-01,-2.656961625220111145e-01,4.855100021728335213e-01,-3.722004296748542274e-01,6.050109979084795642e-01,1.612038727426786180e-02,-1.617750746384052363e+00,7.688423560509279886e-01,-4.490064023103257362e-03,1.785471557768473438e+00,6.856732357181276605e-01,-1.681843346786739135e-01,-1.771611437079299856e-02,2.099355843894624041e+00,1.022295455424749422e+00,3.383158823478165655e-01,-1.815586671008889708e-01,-3.388406466461779587e+01
1.027495720330870999e+00,-2.825831283369251157e-01,1.647297933244949442e-01,1.606885565423981088e+00,-1.443219175560766399e+00,-5.480805499534645991e-02,-1.460666346520797521e-01,-7.271305183613943068e-01,-7.163908112985151178e-02,6.105481222187693069e-01,3.439714016168253230e-01,-4.940536501890515630e-01,-7.129979616360929140e-02,4.341292616527668846e-01,5.515551012797924590e-01,1.941040448088145187e-02,7.668049727128443960e-02,-5.624481109912563559e-01,9.787811834099777730e-01,-6.100248565604019513e-01,1.104845822659655994e+02
-4.614436759340203587e-01,-1.499574922265322074e-01,-1.316794148817026944e+00,3.280074290517535629e-01,-1.400563986860239085e+00,-9.843585370685734581e-01,-1.063512502205404830e+00,7.467148164921162401e-01,-5.572435774290163124e-01,-2.284447101482139086e-01,-4.687827322434413024e-01,-1.961406900001270992e-01,-1.907277752102207180e-01,3.442973106640966896e-01,1.048736493950153559e+00,-4.824388261724290028e-01,-2.112319233560872034e-01,-2.180986051927555458e+00,1.315733537011054111e+00,-2.107641330121989010e-01,-1.166540829774350243e+02
-1.900645453826930176e-01,2.999695466962834511e-02,-8.218514151693800951e-02,-1.517433472422109020e+00,5.647039009297136758e-01,8.196015881145378434e-02,1.738338677684788669e-01,1.271230140416382381e+00,2.206862611277386144e+00,3.807451061669850367e-01,-7.261474610566872601e-01,-9.222651505911287906e-01,2.439168962873137503e-01,5.418148780840449374e-01,-2.138967485905199251e+00,2.906326106651803132e-01,1.273029778521024724e+00,4.446868328134458981e-01,3.545696120107877380e-01,-5.268646354382788832e-01,1.232922141085516898e+01
1.364491210099437080e+00,3.826952184942843394e-01,-3.754959817074950967e-01,-1.249838980220235207e+00,-9.318524220029198446e-01,6.758048407914086786e-01,6.327612570826247618e-01,-1.746449494451237094e-01,-4.253803155205532205e-01,-5.771265289759937023e-01,1.108419487533890413e+00,-2.347518114038524395e+00,-6.159463799156074115e-01,8.317666740906440870e-01,9.048778890436677269e-01,-6.716566793596610019e-01,-4.531312195265076864e-02,7.115421483573921568e-01,-8.347175963952775390e-01,9.859471823094538845e-01,7.033557193288081066e+01
3.393377238173944099e-01,9.229352594169980550e-01,5.420564007690458208e-01,2.398856859505427430e-01,-7.674034968723054961e-02,1.978395143061775663e+00,1.525963580988162427e+00,-8.579976465713200495e-01,-1.316134025021632237e+00,-2.249913307687664510e+00,-1.394274449420020989e+00,1.301636107412821541e+00,6.031226535455703752e-01,1.999164209546230309e+00,-9.598354705335525594e-01,-2.853668089620257226e-02,-1.137605064759887208e+00,9.749352721514289444e-01,-7.527249522183686592e-01,6.665317785240730819e-01,1.467084702223956469e+02
-1.304545936127347927e+00,-3.596301712921488591e-01,6.109390550707196610e-01,-1.656625397937014355e-01,2.977419209728822125e-01,-1.837583424808385990e+00,-1.847388776383129372e+00,4.187862603037528220e-01,-3.825846137856862561e-01,-4.651032875735957584e-01,-4.853648612560373943e-01,1.431271371959645045e+00,-1.289597079681734204e+00,-1.554843923978247888e+00,1.427878282926315467e+00,1.293255043461058573e+00,9.744430683850741765e-03,-1.300205927996433086e+00,-6.048595336825850488e-01,-6.837403202708225436e-01,-8.856625886008417581e+01
1.013813914886627199e+00,1.668579667625615270e+00,-1.498824121417319466e+00,1.538144272544386126e+00,1.682355512339981374e+00,1.414470718701446250e+00,1.705647651888511751e+00,-1.143597906526800045e+00,6.682830861161186131e-02,-1.359158195377512923e+00,7.062949339100811352e-01,-3.534194941186590277e-01,-3.920608117493409872e-01,-1.859647361517754727e-01,-3.960503239836011824e-01,4.704138320108174343e-01,-5.870212741546423224e-02,3.407681201570422064e-02,-1.034870053324589367e+00,-1.066528378634001628e+00,1.340695780340736576e+02
-1.088113084918597151e-01,-1.595666529081826157e-01,7.799395638449591051e-01,-4.407085106761861604e-01,8.354705306182408364e-01,-2.164210490373505102e+00,-1.005038894086019097e+00,2.992513255067482669e-01,1.171928574543248613e+00,-1.959506429967010077e-01,-6.449378370966704077e-01,1.033296629885186890e+00,-3.191695590905510027e-01,-1.008694425838510406e-01,-1.612514929322658164e+00,-1.126017232830313491e-01,6.235230504850396427e-01,2.015646773183498386e+00,5.654844350191672309e-01,-2.251452498554259218e+00,-3.904571959665088343e+01
-1.517616352998143014e+00,-9.435397310486580702e-01,-7.054302489524559572e-02,1.357508599447485365e+00,4.624131582545890629e-01,-3.910987730977821125e-02,-1.035374677093754858e+00,-1.111125449643553864e+00,2.443567882379878708e-01,4.847904787770859758e-01,4.196945871133866413e-01,1.900621198311278404e+00,-4.716845619768162412e-01,-2.035451521069634229e+00,6.878617060447023146e-01,3.533212002241747918e-01,2.765872407842638325e-01,6.355212131867921110e-01,1.434711888426287274e+00,6.270524455080572768e-01,-1.963330140349796693e+02
1.766321838198437799e+00,-1.290810328116438477e-01,-1.880329921033250251e+00,8.412635350918146182e-01,-3.065179509730374119e-01,-1.807054710329626168e+00,-4.472372581612846787e-01,2.931183323870710233e-01,4.033067080139213778e-01,-3.420371930968678642e-01,1.205945874909297444e-01,-1.000537028187674427e+00,4.934808437833282935e-01,6.495292217493316977e-01,8.042398431833918115e-01,9.653027869079968681e-01,-1.867241145015636317e+00,-7.032121894433195353e-01,-8.293885180791241707e-01,5.784079945680334345e-02,2.790339633329737268e+01
-3.649837369117370223e-01,-4.015481420122569700e-01,5.000068249930159636e-01,1.776335608195966032e+00,5.492329946351067749e-01,1.966673281303568555e+00,3.020019896715267493e-01,-5.590540071244988196e-01,1.096932571984275961e+00,2.442016206323231187e-01,1.870085560554908266e+00,-1.440412444554265869e+00,-7.656306999732661600e-01,4.855951821950196812e-02,1.076235006498952096e+00,-5.531822966875679093e-01,-4.238359780604216698e-01,7.736449854612409416e-01,-8.839342834107877245e-01,-6.127749522767671486e-01,-6.102987661607571113e+01
-2.100306876849048265e+00,8.657695588646497908e-01,3.083427146868152335e-01,2.695062512063207960e-02,-2.970104742294751299e-01,1.507458836538188685e+00,9.773109980830145815e-01,-9.298205504304208890e-01,-6.000617499749489880e-01,1.131837318962148897e+00,1.103627770483398107e+00,9.667658951511952647e-01,-5.577247922736577879e-01,-3.840621429988316099e-02,1.341939140720904478e+00,-2.735672147452967273e+00,3.342868383352341488e-01,5.918586348901296867e-01,1.288783800116183986e+00,4.834851243692642186e-02,-1.242553508048454205e+02
2.781560723008135172e-01,1.166175500392807596e+00,3.224426422974021045e-01,2.524723272278693864e-01,-2.645209959298475688e-01,-9.845291186318823051e-01,-6.903672220906749146e-01,1.408353616778535766e+00,1.427418121044887744e+00,-4.236771715079144518e-01,-1.370379986431905728e+00,-1.743338785676871838e+00,2.110777765001790873e-01,-2.274589216468395625e-01,-8.001822966460599984e-01,-7.054033599285811640e-01,-9.482342927635857288e-01,4.300127706686950046e-02,6.479689469501150878e-01,1.877013055929116936e+00,1.027231561756038190e+02
-8.255655089496437560e-01,-1.302197034404606324e+00,1.900646467214207880e-01,1.088069703942471517e-01,-5.627351881085179697e-01,-1.126726208499086113e+00,-6.093544389085492341e-01,1.410277315047292479e+00,8.996547578635987197e-01,9.959363518321412423e-01,2.578171045149749707e-01,2.219101181293564373e+00,-1.017131368725632035e+00,-5.585675591473087120e-01,5.232193063424939172e-01,-3.830306849714306128e-01,-8.967492568749140247e-01,-9.343933391888926687e-01,1.083336850953820818e+00,-1.711283205825347764e+00,-1.570849694741522455e+02
6.660830181780178494e-01,-4.592929363409775090e-01,6.872118905515384180e-01,-2.232727104465213497e+00,-8.247510797251502712e-01,-8.715609248736638781e-01,5.551715657427394035e-01,-6.578793786691979895e-01,3.681281460245826032e-01,3.812365130187981288e-01,-6.351233492222816412e-01,-3.872142804201694766e-02,2.699544707868081206e-01,-1.162180131566445285e+00,-1.265447097937214549e+00,7.902861785121906291e-01,-1.272408005986600810e-01,-4.421958875927085170e-02,3.536479280150212068e-01,-1.282399362833190670e+00,7.084277259038617558e+01
-8.802119339394239850e-01,-6.401357295920870882e-01,1.454500472592454630e+00,-4.633951788310630149e-01,-7.745199184830616444e-03,1.477882423846275994e+00,7.347554012287865755e-01,-7.652149859677934707e-01,5.886769848231262481e-01,4.433988968232520089e-01,-2.219960442573080950e-01,-1.015194629374161162e+00,1.781519390656557844e+00,1.407106916259960760e+00,2.388552789655538522e+00,-8.443585286398473944e-01,-1.941886953873473154e-01,4.099749059955735131e-01,9.611458793979753557e-01,1.538970550553122874e-01,-3.635391678161963114e+01
